LstObj
Object_ID    Vertex1    Vertex2    Triangle    Edge    Next
1    3    2    1    3    0
2    1    3    1    2    0
3    4    3    2    5    0
4    3    17    3    6    3
5    17    2    3    4    1
6    17    18    4    38    0
7    4    5    5    7    0
8    5    3    5    6    4
9    5    17    6    10    0
10    7    5    7    9    9
11    6    13    8    15    0
12    13    5    8    10    10
13    5    6    8    9    12
14    7    6    9    12    11
15    13    17    10    32    0
16    124    117    11    261    0
17    117    6    11    14    14
18    6    124    11    13    17
19    123    6    12    13    18
20    123    124    13    268    0
21    117    12    14    31    0
22    12    6    14    15    19
23    12    13    15    27    21
24    9    8    16    20    0
25    8    11    16    17    24
26    28    11    17    30    0
27    8    28    17    19    25
28    122    80    18    183    0
29    80    8    18    19    27
30    8    122    18    20    29
31    80    28    19    69    0
32    9    122    20    21    0
33    118    122    21    265    0
34    11    10    22    25    0
35    10    9    22    23    32
36    10    12    23    27    34
37    12    9    23    24    35
38    12    118    24    31    23
39    11    14    25    29    26
40    14    10    25    26    36
41    14    15    26    34    0
42    15    10    26    28    40
43    10    13    27    28    42
44    15    13    28    32    15
45    30    14    29    33    41
46    28    30    30    71    31
47    117    118    31    263    16
48    15    17    32    36    0
49    30    32    33    73    0
50    32    14    33    35    45
51    16    15    34    36    48
52    14    16    34    35    50
53    32    16    35    39    0
54    16    17    36    38    53
55    20    19    37    42    0
56    19    16    37    40    54
57    16    20    37    39    56
58    16    18    38    40    57
59    32    20    39    44    0
60    21    45    41    48    0
61    19    21    41    42    55
62    20    21    42    43    59
63    33    21    43    45    60
64    20    33    43    44    62
65    32    33    44    75    0
66    33    35    45    76    0
67    35    21    45    47    63
68    44    46    46    99    0
69    46    21    46    48    67
70    21    44    46    47    69
71    35    44    47    77    0
72    46    45    48    101    0
73    79    75    49    175    0
74    75    22    49    52    0
75    22    79    49    53    74
76    23    26    50    56    0
77    26    22    50    51    75
78    22    23    50    52    77
79    26    29    51    66    0
80    29    22    51    54    78
81    75    23    52    58    76
82    27    79    53    70    0
83    22    27    53    54    80
84    29    27    54    67    82
85    24    25    55    59    0
86    25    23    55    57    81
87    23    24    55    58    86
88    34    26    56    65    79
89    23    34    56    57    87
90    75    24    58    61    85
91    24    36    59    60    90
92    61    36    60    79    0
93    24    61    60    61    91
94    75    61    61    146    0
95    37    35    62    77    71
96    35    25    62    63    0
97    25    37    62    64    96
98    35    34    63    76    0
99    36    37    64    78    92
100    31    26    65    66    88
101    31    29    66    72    0
102    29    28    67    71    46
103    28    27    67    69    84
104    80    81    68    182    28
105    81    27    68    70    103
106    27    80    68    69    105
107    81    79    70    181    0
108    29    30    71    72    101
109    31    32    73    75    0
110    34    33    74    76    66
111    33    31    74    75    109
112    37    44    77    81    0
113    38    37    78    82    112
114    36    38    78    80    99
115    61    60    79    143    0
116    60    38    80    84    0
117    42    44    81    98    0
118    37    42    81    82    113
119    38    42    82    83    116
120    40    42    83    91    0
121    38    40    83    85    119
122    60    64    84    144    115
123    64    38    84    86    121
124    39    40    85    90    0
125    38    39    85    86    123
126    64    39    86    88    124
127    65    694    87    157    0
128    694    39    87    89    126
129    39    65    87    88    128
130    64    65    88    155    0
131    694    745    89    1413    0
132    745    39    89    90    129
133    745    40    90    92    120
134    41    42    91    95    0
135    40    41    91    93    133
136    745    746    92    1488    0
137    746    40    92    93    135
138    746    41    93    94    134
139    746    747    94    1487    0
140    747    41    94    96    138
141    43    42    95    98    117
142    41    43    95    97    140
143    747    737    96    1472    0
144    737    41    96    97    142
145    737    43    97    100    0
146    43    44    98    99    145
147    43    46    99    100    146
148    737    46    100    102    0
149    46    736    101    102    148
150    737    736    102    1471    0
151    48    51    103    112    0
152    51    47    103    106    0
153    47    48    103    104    152
154    735    48    104    111    151
155    47    735    104    107    153
156    339    734    105    693    0
157    734    47    105    107    155
158    47    339    105    108    157
159    51    173    106    120    0
160    173    47    106    108    158
161    734    735    107    1466    0
162    173    339    108    387    0
163    49    50    109    113    0
164    50    48    109    112    154
165    48    49    109    110    164
166    733    49    110    116    163
167    48    733    110    111    165
168    735    733    111    1469    0
169    50    51    112    119    0
170    55    50    113    117    169
171    49    55    113    114    166
172    54    55    114    130    0
173    49    54    114    115    171
174    53    54    115    122    0
175    49    53    115    116    173
176    733    53    116    127    174
177    55    58    117    132    0
178    58    50    117    118    170
179    58    57    118    138    0
180    57    50    118    119    178
181    57    51    119    121    159
182    174    173    120    384    162
183    51    174    120    121    181
184    57    174    121    139    179
185    53    52    122    123    0
186    52    54    122    124    185
187    53    725    123    128    176
188    725    52    123    125    186
189    69    54    124    131    172
190    52    69    124    126    188
191    725    70    125    167    0
192    70    52    125    126    190
193    70    69    126    164    0
194    733    727    127    1462    0
195    727    53    127    129    187
196    726    725    128    1429    0
197    53    726    128    129    195
198    727    726    129    1461    0
199    56    55    130    132    177
200    54    56    130    131    189
201    69    56    131    134    0
202    56    58    132    135    201
203    94    89    133    204    0
204    89    56    133    135    202
205    56    94    133    136    204
206    69    74    134    166    193
207    74    56    134    136    205
208    89    58    135    140    0
209    59    178    137    141    0
210    178    57    137    139    184
211    57    59    137    138    210
212    58    59    138    140    208
213    178    174    139    388    0
214    89    59    140    142    209
215    88    178    141    203    0
216    59    88    141    142    214
217    89    88    142    202    215
218    61    62    143    147    94
219    62    60    143    145    122
220    63    64    144    151    0
221    62    63    145    150    0
222    75    76    146    176    73
223    76    61    146    147    218
224    76    62    147    148    221
225    76    77    148    177    0
226    77    62    148    149    224
227    77    72    149    170    0
228    72    62    149    150    226
229    72    63    150    153    220
230    68    64    151    154    130
231    63    68    151    152    229
232    71    68    152    165    0
233    72    71    153    168    0
234    68    66    154    159    0
235    66    64    154    155    230
236    66    65    155    156    127
237    66    695    156    160    234
238    695    65    156    157    236
239    695    694    157    1410    131
240    67    698    158    163    0
241    698    66    158    160    237
242    66    67    158    159    241
243    68    67    159    161    240
244    698    695    160    1414    0
245    68    70    161    164    232
246    70    67    161    162    243
247    70    701    162    167    191
248    701    67    162    163    246
249    701    698    163    1418    0
250    68    69    164    165    245
251    71    69    165    166    206
252    725    701    167    1427    0
253    72    73    168    170    227
254    73    71    168    169    233
255    73    74    169    172    0
256    77    73    170    171    255
257    77    86    171    178    0
258    86    73    171    173    256
259    87    74    172    174    0
260    73    87    172    173    258
261    86    87    173    198    0
262    87    94    174    199    0
263    79    78    175    181    0
264    78    75    175    176    222
265    78    76    176    177    225
266    78    77    177    178    257
267    78    86    178    180    263
268    81    83    179    184    0
269    83    78    179    180    267
270    78    81    179    181    269
271    83    86    180    191    0
272    120    81    182    185    268
273    80    120    182    183    104
274    122    120    183    266    0
275    82    83    184    186    0
276    81    82    184    185    272
277    120    82    185    189    275
278    84    83    186    192    271
279    82    84    186    190    277
280    113    110    187    249    0
281    110    82    187    188    279
282    82    113    187    189    281
283    110    97    188    219    0
284    97    82    188    190    282
285    120    113    189    255    0
286    97    84    190    195    0
287    85    86    191    198    0
288    83    85    191    192    278
289    84    85    192    194    286
290    96    93    193    215    0
291    93    84    193    194    289
292    84    96    193    195    291
293    93    85    194    197    287
294    97    96    195    217    0
295    92    87    196    199    262
296    87    85    196    198    293
297    85    92    196    197    296
298    93    92    197    213    0
299    92    94    199    212    298
300    90    91    200    208    0
301    91    88    200    201    217
302    88    90    200    202    301
303    91    186    201    211    0
304    186    88    201    203    302
305    89    90    202    205    203
306    186    178    203    399    0
307    95    89    204    205    305
308    95    90    205    207    300
309    99    101    206    222    0
310    101    90    206    209    308
311    90    99    206    207    310
312    100    91    208    210    303
313    90    100    208    209    311
314    101    100    209    223    0
315    100    189    210    225    314
316    189    91    210    211    312
317    189    186    211    408    0
318    92    95    212    213    299
319    93    95    213    214    290
320    93    99    214    215    319
321    96    99    215    216    294
322    96    98    216    217    321
323    97    98    217    218    283
324    97    109    218    219    323
325    110    109    219    248    0
326    104    101    220    226    0
327    101    98    220    222    0
328    98    104    220    221    327
329    109    104    221    234    0
330    101    102    223    227    326
331    102    100    223    224    315
332    102    201    224    229    0
333    201    100    224    225    331
334    201    189    225    415    0
335    104    103    226    233    0
336    103    101    226    227    330
337    103    102    227    228    332
338    103    203    228    231    335
339    203    102    228    229    337
340    203    201    229    437    0
341    105    135    230    238    0
342    135    103    230    232    338
343    103    105    230    233    342
344    134    203    231    287    0
345    103    134    231    232    343
346    135    134    232    290    344
347    104    105    233    235    329
348    109    108    234    246    0
349    108    104    234    235    347
350    108    105    235    237    341
351    107    106    236    242    0
352    106    105    236    238    350
353    105    107    236    237    352
354    108    107    237    243    0
355    106    135    238    240    351
356    129    136    239    273    0
357    136    106    239    240    355
358    106    129    239    241    357
359    136    135    240    290    0
360    127    129    241    271    0
361    106    127    241    242    358
362    107    127    242    244    354
363    108    115    243    247    348
364    115    107    243    245    362
365    125    127    244    269    0
366    107    125    244    245    364
367    115    125    245    259    0
368    111    108    246    247    363
369    111    115    247    251    0
370    110    111    248    249    280
371    113    111    249    250    369
372    113    116    250    254    285
373    116    115    251    258    367
374    120    121    252    266    274
375    121    112    252    253    0
376    112    120    252    255    375
377    121    119    253    264    0
378    119    112    253    256    376
379    113    112    254    255    378
380    112    116    254    256    379
381    119    117    257    263    47
382    117    114    257    261    0
383    114    119    257    260    382
384    116    114    258    260    383
385    114    115    258    259    384
386    114    125    259    262    385
387    124    114    261    262    386
388    124    125    262    268    0
389    121    118    264    265    33
390    121    122    265    266    0
391    126    125    267    269    365
392    125    123    267    268    20
393    126    127    269    270    0
394    128    127    270    271    360
395    128    129    271    272    0
396    130    129    272    275    356
397    137    136    273    286    0
398    129    137    273    274    396
399    146    137    274    291    0
400    129    146    274    275    398
401    130    146    275    276    0
402    148    146    276    314    0
403    133    132    277    285    0
404    132    131    277    281    0
405    131    133    277    282    404
406    199    131    278    279    405
407    131    198    278    280    406
408    199    202    279    435    0
409    202    131    279    282    407
410    139    198    280    298    0
411    131    139    280    281    409
412    132    139    281    284    403
413    202    133    282    288    0
414    137    145    283    291    399
415    145    132    283    284    412
416    132    137    283    286    415
417    145    139    284    294    410
418    133    136    285    289    413
419    136    132    285    286    416
420    134    133    287    289    418
421    133    203    287    288    420
422    202    203    288    437    0
423    134    136    289    290    346
424    146    145    291    312    0
425    205    138    292    293    0
426    138    207    292    297    425
427    205    139    293    298    417
428    139    138    293    294    426
429    145    138    294    296    428
430    142    140    295    302    0
431    140    138    295    297    429
432    138    142    295    296    431
433    145    142    296    308    0
434    140    207    297    300    430
435    141    224    299    303    0
436    224    140    299    301    434
437    140    141    299    302    436
438    140    223    300    301    437
439    224    223    301    468    0
440    142    141    302    304    435
441    244    224    303    470    0
442    141    244    303    306    440
443    142    143    304    307    433
444    143    141    304    305    442
445    143    248    305    309    0
446    248    141    305    306    444
447    248    244    306    500    0
448    144    143    307    310    445
449    142    144    307    308    443
450    145    144    308    312    0
451    249    248    309    516    0
452    143    249    309    311    448
453    144    147    310    313    450
454    147    143    310    311    452
455    147    249    311    315    0
456    146    144    312    313    453
457    146    147    313    314    402
458    148    147    314    316    455
459    246    249    315    510    0
460    147    246    315    317    458
461    245    147    316    317    460
462    245    246    317    509    0
463    309    169    318    378    0
464    169    149    318    322    0
465    149    309    318    319    464
466    310    309    319    631    0
467    149    310    319    320    465
468    152    310    320    335    0
469    149    152    320    324    467
470    150    149    321    324    469
471    149    170    321    323    470
472    169    171    322    377    463
473    171    149    322    323    471
474    171    170    323    380    0
475    150    152    324    326    0
476    165    164    325    365    0
477    164    150    325    327    475
478    150    165    325    328    477
479    151    152    326    332    0
480    164    151    327    329    479
481    170    165    328    368    0
482    164    163    329    364    0
483    163    151    329    330    480
484    163    159    330    356    0
485    159    154    331    341    0
486    154    151    331    332    483
487    154    152    332    333    468
488    154    153    333    338    0
489    153    152    333    334    487
490    153    314    334    339    488
491    314    152    334    335    489
492    314    310    335    633    0
493    156    319    336    347    0
494    319    153    336    337    490
495    153    156    336    338    494
496    319    315    337    645    0
497    315    153    337    339    495
498    154    156    338    340    485
499    315    314    339    641    0
500    155    156    340    342    0
501    154    155    340    341    498
502    159    155    341    343    500
503    227    156    342    346    493
504    155    227    342    345    502
505    158    155    343    344    504
506    158    228    344    351    0
507    228    155    344    345    505
508    228    227    345    480    0
509    227    226    346    474    0
510    226    156    346    347    503
511    226    319    347    478    509
512    160    215    348    359    0
513    215    157    348    349    0
514    157    160    348    353    513
515    215    240    349    456    0
516    239    228    350    481    0
517    228    157    350    351    514
518    157    239    350    352    517
519    240    239    352    506    0
520    158    160    353    355    506
521    159    161    354    356    484
522    161    158    354    355    520
523    161    160    355    358    512
524    163    161    356    360    0
525    162    216    357    361    0
526    216    160    357    359    523
527    160    162    357    358    526
528    161    162    358    360    524
529    216    215    359    455    515
530    163    162    360    363    525
531    213    216    361    454    0
532    162    213    361    362    530
533    167    213    362    371    0
534    162    167    362    363    532
535    163    167    363    364    482
536    164    167    364    365    476
537    165    167    365    366    481
538    166    167    366    370    0
539    165    166    366    367    537
540    182    166    367    369    538
541    165    182    367    368    539
542    170    182    368    381    474
543    182    184    369    406    0
544    184    166    369    370    540
545    184    167    370    372    533
546    214    213    371    453    531
547    167    214    371    372    545
548    184    214    372    407    0
549    333    337    373    681    0
550    337    168    373    375    0
551    168    333    373    374    550
552    169    333    374    379    472
553    168    169    374    377    551
554    337    172    375    385    0
555    172    168    375    376    553
556    172    171    376    383    0
557    171    168    376    377    555
558    309    334    378    632    466
559    334    169    378    379    552
560    334    333    379    680    549
561    171    181    380    382    556
562    181    182    381    405    0
563    175    181    382    391    0
564    171    175    382    383    561
565    172    175    383    386    554
566    174    172    384    386    565
567    172    173    384    385    566
568    337    173    385    387    182
569    174    175    386    389    213
570    337    339    387    689    0
571    178    176    388    394    0
572    176    174    388    389    569
573    176    175    389    390    563
574    176    180    390    393    571
575    180    175    390    391    573
576    185    177    392    397    0
577    177    176    392    393    574
578    176    185    392    394    577
579    178    185    394    399    306
580    193    179    395    400    0
581    179    177    395    398    576
582    177    193    395    396    581
583    187    193    396    410    0
584    185    187    397    409    0
585    179    180    398    403    580
586    186    185    399    408    584
587    193    192    400    427    0
588    192    179    400    402    585
589    184    183    401    406    0
590    183    179    401    403    588
591    179    184    401    402    590
592    192    184    402    407    548
593    183    180    403    404    0
594    183    181    404    405    562
595    183    182    405    406    543
596    192    214    407    426    587
597    189    185    408    409    586
598    189    187    409    411    583
599    194    193    410    427    0
600    187    194    410    412    598
601    189    188    411    415    0
602    188    194    412    414    601
603    200    195    413    428    0
604    195    188    413    414    602
605    195    194    414    424    0
606    201    188    415    416    604
607    201    200    416    436    0
608    212    214    417    453    0
609    214    190    417    423    0
610    190    212    417    421    609
611    195    197    418    428    603
612    197    190    418    420    610
613    190    195    418    422    612
614    196    211    419    431    0
615    211    190    419    421    613
616    190    196    419    420    615
617    197    196    420    432    614
618    211    212    421    451    0
619    191    195    422    424    0
620    190    191    422    423    616
621    214    191    423    426    619
622    191    194    424    425    621
623    192    194    425    427    596
624    191    192    425    426    622
625    200    197    428    433    0
626    198    204    429    434    0
627    204    196    429    431    617
628    196    198    429    430    627
629    196    199    430    432    628
630    204    211    431    438    0
631    197    199    432    433    625
632    205    204    434    439    630
633    200    202    435    436    607
634    201    202    436    437    340
635    210    211    438    451    0
636    204    210    438    440    632
637    205    206    439    441    0
638    206    204    439    440    636
639    206    210    440    442    0
640    207    206    441    443    639
641    209    210    442    446    0
642    206    209    442    443    640
643    207    209    443    444    0
644    223    209    444    450    641
645    212    210    445    451    635
646    210    208    445    446    0
647    208    212    445    448    646
648    209    208    446    449    647
649    222    217    447    459    0
650    217    208    447    448    648
651    208    222    447    449    650
652    217    212    448    452    608
653    209    222    449    450    644
654    223    222    450    469    0
655    217    213    452    454    546
656    213    212    452    453    652
657    217    216    454    457    0
658    216    219    455    457    657
659    219    215    455    456    529
660    219    240    456    463    0
661    217    219    457    458    649
662    218    219    458    462    0
663    217    218    458    459    661
664    222    218    459    460    662
665    222    221    460    469    0
666    221    218    460    461    664
667    220    218    461    462    666
668    220    219    462    463    660
669    221    242    464    467    665
670    242    220    464    465    0
671    242    241    465    507    0
672    241    220    465    466    670
673    241    240    466    506    0
674    224    242    467    470    441
675    221    224    467    468    669
676    244    242    470    508    0
677    230    231    471    484    0
678    231    225    471    473    0
679    225    230    471    475    678
680    276    226    472    477    511
681    226    225    472    474    679
682    225    276    472    473    681
683    231    276    473    486    0
684    227    225    474    476    682
685    229    230    475    482    0
686    225    229    475    476    684
687    227    229    476    480    508
688    276    278    477    565    0
689    278    226    477    479    680
690    279    319    478    572    0
691    226    279    478    479    689
692    278    279    479    571    0
693    228    229    480    481    516
694    239    229    481    483    685
695    238    230    482    485    677
696    229    238    482    483    694
697    239    238    483    504    0
698    233    231    484    488    683
699    230    233    484    485    695
700    238    233    485    493    0
701    285    276    486    566    688
702    231    285    486    487    698
703    286    285    487    590    0
704    231    286    487    489    702
705    233    232    488    490    0
706    232    231    488    489    704
707    233    235    490    491    700
708    234    235    491    498    0
709    233    234    491    492    707
710    237    234    492    496    708
711    233    237    492    493    709
712    238    237    493    503    0
713    252    251    494    517    0
714    251    234    494    498    710
715    234    252    494    497    714
716    236    247    495    501    0
717    247    234    495    497    715
718    234    236    495    496    717
719    237    236    496    502    716
720    247    252    497    514    0
721    243    244    499    508    0
722    244    236    499    500    719
723    236    243    499    502    722
724    248    236    500    501    723
725    248    247    501    515    720
726    237    243    502    503    712
727    238    243    503    505    697
728    239    241    504    506    519
729    241    238    504    505    727
730    241    243    505    507    671
731    242    243    507    508    676
732    253    246    509    512    459
733    250    249    510    516    0
734    246    250    510    513    732
735    254    252    511    518    0
736    252    246    511    513    734
737    246    254    511    512    736
738    253    254    512    519    0
739    252    250    513    514    0
740    247    250    514    515    725
741    248    250    515    516    451
742    252    255    517    518    735
743    254    255    518    520    0
744    256    254    519    520    743
745    259    258    521    523    0
746    257    259    521    522    0
747    260    259    522    526    0
748    259    263    523    525    747
749    263    258    523    524    745
750    263    262    524    532    0
751    273    263    525    536    0
752    259    273    525    526    748
753    260    273    526    527    0
754    275    273    527    561    0
755    292    288    528    592    0
756    288    261    528    529    0
757    261    292    528    534    756
758    288    289    529    591    755
759    289    261    529    533    757
760    263    265    530    535    751
761    265    261    530    531    759
762    261    263    530    532    761
763    265    264    531    539    0
764    264    261    531    534    762
765    261    262    532    533    764
766    264    292    534    537    763
767    272    265    535    541    0
768    263    272    535    536    760
769    273    272    536    559    0
770    290    292    537    593    0
771    264    290    537    538    766
772    266    290    538    543    0
773    264    266    538    539    771
774    265    266    539    540    767
775    270    266    540    544    772
776    265    270    540    541    774
777    272    270    541    558    0
778    267    306    542    546    0
779    306    266    542    543    775
780    266    267    542    545    779
781    306    290    543    594    770
782    270    268    544    551    0
783    268    266    544    545    780
784    268    267    545    549    778
785    308    306    546    627    0
786    267    308    546    547    784
787    267    438    547    548    786
788    440    438    548    891    0
789    267    440    548    549    787
790    268    440    549    550    782
791    441    440    550    893    0
792    268    441    550    552    790
793    270    269    551    555    0
794    269    268    551    552    792
795    269    441    552    554    793
796    274    444    553    563    0
797    444    269    553    557    795
798    269    274    553    556    797
799    443    441    554    894    0
800    269    443    554    557    798
801    270    271    555    558    777
802    271    269    555    556    800
803    271    274    556    560    0
804    444    443    557    895    0
805    272    271    558    559    803
806    273    271    559    560    805
807    273    274    560    561    754
808    275    274    561    562    796
809    427    274    562    564    808
810    428    444    563    869    0
811    274    428    563    564    809
812    427    428    564    868    0
813    277    278    565    567    0
814    276    277    565    566    701
815    285    277    566    568    813
816    282    278    567    570    692
817    277    282    567    569    815
818    285    284    568    586    0
819    284    277    568    569    817
820    284    282    569    583    0
821    282    281    570    580    0
822    281    278    570    571    816
823    281    279    571    573    690
824    317    319    572    650    0
825    279    317    572    573    823
826    281    317    573    581    821
827    283    297    574    584    0
828    297    280    574    578    0
829    280    283    574    577    828
830    320    322    575    654    0
831    322    280    575    576    829
832    280    320    575    579    831
833    322    281    576    582    826
834    281    280    576    577    832
835    281    283    577    580    833
836    297    295    578    603    0
837    295    280    578    579    834
838    295    320    579    604    836
839    282    283    580    583    820
840    321    317    581    651    824
841    281    321    581    582    835
842    322    321    582    655    0
843    284    283    583    585    827
844    293    297    584    601    0
845    283    293    584    585    843
846    284    293    585    587    818
847    285    294    586    588    703
848    294    284    586    587    846
849    294    293    587    599    844
850    288    294    588    592    758
851    285    288    588    589    847
852    287    288    589    591    0
853    285    287    589    590    851
854    292    294    592    599    0
855    291    292    593    597    0
856    290    291    593    595    781
857    306    305    594    626    0
858    305    290    594    595    856
859    305    291    595    596    855
860    305    299    596    614    0
861    299    291    596    598    859
862    298    292    597    600    854
863    291    298    597    598    861
864    299    298    598    611    0
865    292    293    599    600    862
866    298    293    600    601    849
867    298    297    601    610    0
868    407    295    602    604    838
869    295    296    602    605    868
870    297    300    603    610    867
871    300    295    603    605    869
872    407    320    604    652    830
873    300    296    605    608    0
874    414    407    606    842    0
875    296    414    606    607    873
876    417    414    607    851    0
877    296    417    607    609    875
878    300    301    608    612    0
879    301    417    609    616    0
880    298    300    610    611    864
881    299    300    611    612    860
882    299    301    612    613    881
883    299    304    613    614    882
884    305    304    614    625    0
885    304    302    615    620    0
886    302    301    615    616    879
887    302    417    616    618    885
888    418    416    617    854    0
889    416    302    617    618    887
890    302    418    617    619    889
891    416    417    618    851    888
892    303    418    619    623    0
893    302    303    619    620    890
894    304    303    620    624    892
895    307    425    621    628    0
896    425    303    621    622    894
897    303    307    621    624    896
898    425    424    622    867    0
899    424    303    622    623    897
900    424    418    623    855    0
901    305    307    625    626    857
902    306    307    626    627    785
903    308    425    628    630    0
904    438    426    629    865    0
905    426    308    629    630    903
906    426    425    630    867    0
907    310    311    631    634    492
908    311    309    631    632    558
909    311    334    632    635    0
910    314    313    633    641    0
911    313    310    633    634    907
912    313    311    634    636    909
913    312    334    635    640    0
914    311    312    635    636    912
915    313    312    636    638    913
916    331    335    637    676    0
917    335    312    637    640    915
918    312    331    637    639    917
919    313    329    638    643    910
920    329    312    638    639    918
921    329    331    639    674    0
922    335    334    640    683    0
923    315    313    641    642    919
924    315    316    642    646    496
925    316    313    642    644    923
926    330    329    643    672    921
927    313    330    643    644    925
928    316    330    644    648    0
929    319    318    645    650    0
930    318    315    645    646    924
931    318    316    646    647    928
932    318    321    647    651    929
933    321    316    647    649    931
934    323    330    648    659    0
935    316    323    648    649    933
936    321    323    649    655    842
937    317    318    650    651    840
938    408    320    652    653    872
939    408    324    653    660    0
940    324    320    653    654    938
941    324    322    654    656    0
942    322    323    655    656    941
943    324    323    656    658    934
944    327    328    657    669    0
945    328    323    657    659    943
946    323    327    657    658    945
947    324    327    658    661    939
948    328    330    659    672    0
949    325    324    660    661    947
950    325    327    661    664    0
951    410    403    662    840    0
952    325    410    662    663    950
953    411    410    663    848    0
954    325    411    663    665    952
955    403    327    664    668    944
956    408    411    665    844    0
957    405    406    666    841    0
958    406    326    666    671    0
959    326    405    666    670    958
960    332    328    667    673    948
961    328    326    667    669    959
962    326    332    667    671    961
963    403    326    668    670    962
964    326    327    668    669    963
965    406    332    671    678    0
966    328    329    672    674    960
967    332    331    673    675    916
968    331    328    673    674    966
969    332    354    675    679    965
970    354    331    675    676    967
971    354    335    676    685    0
972    367    355    677    722    0
973    355    332    677    679    969
974    332    367    677    678    973
975    406    367    678    756    0
976    355    354    679    727    0
977    334    336    680    683    922
978    336    333    680    682    560
979    342    337    681    688    570
980    333    342    681    682    978
981    336    342    682    686    0
982    335    336    683    684    971
983    352    336    684    687    981
984    335    352    684    685    982
985    354    352    685    727    0
986    353    342    686    701    0
987    336    353    686    687    983
988    352    353    687    726    985
989    342    338    688    691    0
990    338    337    688    689    979
991    338    339    689    690    989
992    340    339    690    693    156
993    338    340    690    692    991
994    342    341    691    701    0
995    341    338    691    692    993
996    341    340    692    694    0
997    340    734    693    695    996
998    341    344    694    700    994
999    344    340    694    698    997
1000    730    734    695    1466    0
1001    340    730    695    696    999
1002    715    730    696    1448    0
1003    340    715    696    697    1001
1004    343    715    697    702    0
1005    340    343    697    698    1003
1006    344    343    698    704    1004
1007    353    345    699    709    0
1008    345    341    699    700    998
1009    341    353    699    701    1008
1010    345    344    700    706    0
1011    714    715    702    1447    0
1012    343    714    702    703    1006
1013    347    714    703    714    0
1014    343    347    703    704    1012
1015    344    347    704    707    1010
1016    346    348    705    711    0
1017    348    344    705    707    1015
1018    344    346    705    706    1017
1019    345    346    706    708    1007
1020    348    347    707    713    1013
1021    351    346    708    712    1016
1022    345    351    708    709    1019
1023    353    351    709    726    0
1024    349    359    710    719    0
1025    359    346    710    711    1021
1026    346    349    710    712    1025
1027    359    348    711    716    0
1028    351    349    712    720    1024
1029    348    710    713    717    1027
1030    710    347    713    714    1020
1031    710    714    714    1439    0
1032    357    356    715    731    0
1033    356    348    715    717    1029
1034    348    357    715    716    1033
1035    359    357    716    734    0
1036    356    710    717    730    1032
1037    368    358    718    735    0
1038    358    349    718    719    1028
1039    349    368    718    721    1038
1040    358    359    719    737    1037
1041    351    350    720    723    0
1042    350    349    720    721    1039
1043    350    368    721    724    1041
1044    367    350    722    724    1043
1045    350    355    722    723    1044
1046    351    355    723    725    1023
1047    367    368    724    762    975
1048    352    355    725    727    988
1049    351    352    725    726    1046
1050    362    578    728    746    0
1051    578    356    728    729    1036
1052    356    362    728    731    1051
1053    578    579    729    1180    0
1054    579    356    729    730    1052
1055    579    710    730    1181    0
1056    357    362    731    733    1035
1057    360    363    732    739    0
1058    363    357    732    733    1056
1059    357    360    732    734    1058
1060    363    362    733    745    1050
1061    359    360    734    737    0
1062    368    369    735    763    0
1063    369    358    735    736    1040
1064    369    360    736    738    1057
1065    360    358    736    737    1063
1066    369    361    738    741    0
1067    361    360    738    739    1064
1068    361    363    739    742    1066
1069    379    383    740    788    0
1070    383    361    740    743    1068
1071    361    379    740    741    1070
1072    369    379    741    765    0
1073    380    363    742    747    0
1074    361    380    742    743    1071
1075    383    380    743    789    0
1076    364    571    744    750    0
1077    571    362    744    746    1060
1078    362    364    744    745    1077
1079    363    364    745    747    1073
1080    571    578    746    1171    0
1081    380    364    747    749    1076
1082    381    547    748    792    0
1083    547    364    748    750    1081
1084    364    381    748    749    1083
1085    380    381    749    789    1075
1086    547    571    750    1118    0
1087    397    365    751    753    0
1088    365    404    751    754    1087
1089    366    370    752    760    0
1090    370    365    752    755    1088
1091    365    366    752    753    1090
1092    397    366    753    757    1089
1093    406    404    754    841    0
1094    365    406    754    756    1091
1095    370    367    755    762    1047
1096    367    365    755    756    1094
1097    372    366    757    759    1092
1098    378    371    758    766    0
1099    371    366    758    760    1097
1100    366    378    758    761    1099
1101    372    373    759    770    0
1102    373    366    759    761    1100
1103    371    370    760    764    0
1104    373    378    761    771    0
1105    370    368    762    763    1062
1106    370    369    763    764    1072
1107    371    369    764    765    1106
1108    371    379    765    766    1098
1109    378    379    766    787    0
1110    395    396    767    826    0
1111    396    372    767    768    1101
1112    372    395    767    769    1111
1113    396    388    768    807    0
1114    397    395    769    827    1110
1115    388    373    770    773    1104
1116    376    378    771    782    0
1117    373    376    771    774    1115
1118    374    375    772    778    0
1119    375    373    772    774    1117
1120    373    374    772    773    1119
1121    388    374    773    776    1118
1122    375    376    774    780    0
1123    387    431    775    804    0
1124    431    374    775    777    1121
1125    374    387    775    776    1124
1126    431    448    777    879    0
1127    448    374    777    778    1125
1128    448    375    778    779    1122
1129    448    447    779    900    0
1130    447    375    779    781    1128
1131    377    376    780    783    1116
1132    375    377    780    781    1130
1133    447    377    781    785    0
1134    382    378    782    787    1109
1135    376    382    782    783    1131
1136    377    382    783    784    1133
1137    385    382    784    793    0
1138    377    385    784    786    1136
1139    447    450    785    898    1129
1140    450    377    785    786    1138
1141    450    385    786    797    0
1142    382    379    787    788    1069
1143    382    383    788    794    1137
1144    383    381    789    790    1082
1145    383    384    790    794    0
1146    384    381    790    791    1144
1147    384    386    791    795    0
1148    386    381    791    792    1146
1149    386    547    792    799    0
1150    385    384    793    795    1147
1151    384    382    793    794    1143
1152    385    386    795    796    1141
1153    452    386    796    802    1149
1154    385    452    796    798    1152
1155    450    451    797    903    0
1156    451    385    797    798    1154
1157    451    452    798    904    0
1158    545    547    799    1115    0
1159    386    545    799    800    1153
1160    540    545    800    1102    0
1161    386    540    800    801    1159
1162    539    540    801    1101    0
1163    386    539    801    802    1161
1164    452    539    802    907    0
1165    389    390    803    808    0
1166    390    387    803    806    1123
1167    387    389    803    805    1166
1168    430    431    804    877    0
1169    388    389    805    807    1113
1170    390    430    806    812    0
1171    396    389    807    809    1165
1172    391    390    808    811    1170
1173    389    391    808    810    1171
1174    396    394    809    826    0
1175    394    389    809    810    1173
1176    394    391    810    813    0
1177    391    392    811    816    1176
1178    392    390    811    812    1172
1179    392    430    812    817    0
1180    394    393    813    821    0
1181    393    391    813    814    1177
1182    393    420    814    822    1180
1183    420    391    814    815    1181
1184    420    421    815    857    0
1185    421    391    815    816    1183
1186    421    392    816    819    1179
1187    392    429    817    818    1186
1188    436    429    818    876    0
1189    392    436    818    819    1187
1190    421    436    819    860    0
1191    400    412    820    832    0
1192    412    393    820    823    1182
1193    393    400    820    821    1192
1194    394    400    821    825    1174
1195    419    420    822    856    0
1196    393    419    822    823    1193
1197    412    419    823    849    0
1198    395    398    824    827    1114
1199    398    394    824    825    1194
1200    394    395    824    826    1199
1201    398    400    825    829    0
1202    397    398    827    828    0
1203    404    398    828    830    1201
1204    401    400    829    831    1191
1205    398    401    829    830    1203
1206    404    401    830    838    0
1207    401    399    831    834    0
1208    399    400    831    832    1207
1209    399    412    832    836    1208
1210    410    413    833    848    953
1211    413    399    833    836    1209
1212    399    410    833    835    1211
1213    401    402    834    837    1206
1214    402    399    834    835    1212
1215    402    410    835    840    0
1216    413    412    836    849    1197
1217    405    402    837    839    1215
1218    401    405    837    838    1213
1219    403    402    839    840    1217
1220    414    409    842    845    0
1221    409    407    842    843    874
1222    409    408    843    844    956
1223    409    411    844    846    1220
1224    414    415    845    852    876
1225    415    409    845    847    1223
1226    413    411    846    848    0
1227    409    413    846    847    1225
1228    415    413    847    850    0
1229    413    419    849    850    1228
1230    415    419    850    853    0
1231    416    414    851    852    1224
1232    416    415    852    853    1230
1233    416    419    853    854    891
1234    418    419    854    856    900
1235    424    420    855    858    1184
1236    420    418    855    856    1234
1237    422    421    857    859    1190
1238    420    422    857    858    1235
1239    424    422    858    861    0
1240    422    435    859    862    1239
1241    435    421    859    860    1237
1242    435    436    860    888    0
1243    424    426    861    867    898
1244    426    422    861    863    1240
1245    423    435    862    864    0
1246    422    423    862    863    1244
1247    426    423    863    865    1245
1248    439    435    864    889    1242
1249    423    439    864    866    1247
1250    438    423    865    866    1249
1251    458    428    868    872    810
1252    446    444    869    896    0
1253    428    446    869    871    1251
1254    459    457    870    915    0
1255    457    428    870    871    1253
1256    428    459    870    872    1255
1257    457    446    871    897    0
1258    458    459    872    916    0
1259    437    434    873    886    0
1260    434    429    873    874    1188
1261    434    433    874    884    0
1262    433    429    874    875    1260
1263    433    430    875    877    1168
1264    436    437    876    888    0
1265    433    431    877    878    1126
1266    433    432    878    883    0
1267    432    431    878    879    1265
1268    432    448    879    881    1266
1269    446    449    880    897    1257
1270    449    432    880    881    1268
1271    432    446    880    882    1270
1272    449    448    881    900    0
1273    445    446    882    896    0
1274    432    445    882    883    1271
1275    433    445    883    884    1261
1276    434    445    884    887    1259
1277    442    443    885    894    0
1278    443    434    885    887    1276
1279    434    442    885    886    1278
1280    437    442    886    890    0
1281    443    445    887    895    804
1282    435    437    888    889    1248
1283    439    442    890    892    0
1284    440    439    891    892    1283
1285    440    442    892    893    791
1286    441    442    893    894    799
1287    444    445    895    896    1252
1288    457    449    897    902    0
1289    454    450    898    903    1155
1290    447    454    898    899    1139
1291    449    454    899    901    1288
1292    447    449    899    900    1290
1293    456    454    901    912    0
1294    449    456    901    902    1291
1295    457    456    902    914    0
1296    454    451    903    905    1157
1297    538    452    904    907    1164
1298    451    538    904    906    1296
1299    454    453    905    912    0
1300    453    451    905    906    1298
1301    453    538    906    910    1299
1302    538    539    907    1099    0
1303    455    533    908    913    0
1304    533    453    908    909    1301
1305    453    455    908    911    1304
1306    533    535    909    1095    0
1307    535    453    909    910    1305
1308    535    538    910    1098    0
1309    456    455    911    914    1303
1310    453    456    911    912    1307
1311    459    533    913    918    0
1312    455    459    913    915    1309
1313    457    455    914    915    1312
1314    460    459    916    917    1311
1315    460    461    917    919    0
1316    461    459    917    918    1314
1317    461    533    918    922    0
1318    462    461    919    923    1317
1319    532    534    920    1094    0
1320    534    461    920    922    1318
1321    461    532    920    921    1320
1322    463    532    921    925    0
1323    461    463    921    923    1321
1324    534    533    922    1095    1306
1325    462    463    923    924    0
1326    466    463    924    926    1322
1327    509    532    925    1042    0
1328    463    509    925    927    1326
1329    466    464    926    931    0
1330    464    463    926    927    1328
1331    464    509    927    928    1329
1332    503    509    928    1031    0
1333    464    503    928    932    1331
1334    465    504    929    934    0
1335    504    464    929    930    1333
1336    464    465    929    931    1335
1337    504    507    930    1035    0
1338    507    464    930    932    1336
1339    466    465    931    933    1334
1340    507    503    932    1032    1332
1341    849    465    933    935    1339
1342    850    504    934    1034    1337
1343    465    850    934    935    1341
1344    849    850    935    1665    0
1345    468    848    936    942    0
1346    848    467    936    940    0
1347    467    468    936    937    1346
1348    470    468    937    944    1345
1349    467    470    937    938    1347
1350    471    470    938    952    0
1351    467    471    938    941    1349
1352    772    614    939    1278    0
1353    614    467    939    941    1351
1354    467    772    939    940    1353
1355    848    772    940    1536    0
1356    614    471    941    955    0
1357    843    848    942    1661    0
1358    468    843    942    945    1348
1359    476    475    943    968    0
1360    475    468    943    946    1358
1361    468    476    943    944    1360
1362    470    476    944    948    1350
1363    844    843    945    1659    1357
1364    468    844    945    946    1361
1365    475    844    946    970    1359
1366    470    482    947    952    1362
1367    482    469    947    951    0
1368    469    470    947    948    1367
1369    469    476    948    950    1368
1370    477    469    949    950    1369
1371    469    481    949    951    1370
1372    477    476    950    969    0
1373    482    481    951    983    0
1374    471    482    952    954    1356
1375    617    480    953    981    0
1376    480    471    953    954    1374
1377    471    617    953    956    1376
1378    480    482    954    980    1375
1379    614    615    955    1277    1352
1380    615    471    955    956    1377
1381    615    617    956    1280    0
1382    491    490    957    1005    0
1383    490    472    957    959    0
1384    472    491    957    960    1383
1385    477    479    958    971    0
1386    479    472    958    960    1384
1387    472    477    958    962    1386
1388    490    473    959    965    0
1389    473    472    959    961    1387
1390    479    491    960    973    0
1391    473    474    961    966    1388
1392    474    472    961    962    1389
1393    840    841    963    1657    0
1394    841    473    963    966    1391
1395    473    840    963    964    1394
1396    829    840    964    1640    0
1397    473    829    964    965    1395
1398    490    829    965    1004    1382
1399    841    475    967    970    1365
1400    475    474    967    968    0
1401    476    474    968    969    1400
1402    841    844    970    1658    0
1403    481    479    971    978    1390
1404    496    491    972    1006    0
1405    491    478    972    973    0
1406    478    496    972    977    1405
1407    479    478    973    975    1406
1408    483    497    974    984    0
1409    497    478    974    976    1407
1410    478    483    974    975    1409
1411    479    483    975    978    1403
1412    497    499    976    1019    0
1413    499    478    976    977    1410
1414    499    496    977    1015    0
1415    481    483    978    982    1373
1416    485    480    979    980    1378
1417    480    484    979    981    1416
1418    485    482    980    983    0
1419    617    484    981    989    0
1420    485    483    982    985    1408
1421    486    497    984    990    0
1422    483    486    984    985    1420
1423    485    486    985    988    0
1424    621    622    986    1287    0
1425    622    484    986    987    1419
1426    622    486    987    991    1421
1427    486    484    987    988    1425
1428    617    621    989    1283    0
1429    625    497    990    1018    1412
1430    486    625    990    991    1426
1431    622    625    991    1291    0
1432    506    505    992    1037    0
1433    505    487    992    995    0
1434    487    506    992    996    1433
1435    489    492    993    1002    0
1436    492    487    993    994    1434
1437    487    489    993    997    1436
1438    492    493    994    1007    0
1439    493    487    994    996    1437
1440    505    488    995    998    0
1441    488    487    995    997    1439
1442    493    506    996    1010    0
1443    488    489    997    1000    1440
1444    505    814    998    1036    1432
1445    814    488    998    1001    1443
1446    826    827    999    1636    0
1447    827    488    999    1000    1445
1448    488    826    999    1001    1447
1449    827    489    1000    1003    1435
1450    814    826    1001    1615    0
1451    490    492    1002    1005    1398
1452    489    490    1002    1004    1449
1453    827    829    1003    1637    0
1454    829    489    1003    1004    1452
1455    491    492    1005    1006    1404
1456    496    492    1006    1007    1438
1457    496    493    1007    1009    1442
1458    495    494    1008    1011    0
1459    494    493    1008    1010    1457
1460    493    495    1008    1009    1459
1461    496    495    1009    1015    0
1462    494    506    1010    1012    1458
1463    495    518    1011    1017    1461
1464    518    494    1011    1013    1462
1465    508    506    1012    1038    0
1466    494    508    1012    1013    1464
1467    518    508    1013    1039    0
1468    499    501    1014    1020    0
1469    501    495    1014    1016    1463
1470    495    499    1014    1015    1469
1471    501    500    1016    1024    0
1472    500    495    1016    1017    1470
1473    500    518    1017    1026    1471
1474    625    498    1018    1023    0
1475    498    497    1018    1019    1429
1476    498    499    1019    1020    1474
1477    498    501    1020    1022    1476
1478    635    502    1021    1030    0
1479    502    498    1021    1022    1477
1480    498    635    1021    1023    1479
1481    502    501    1022    1027    0
1482    625    635    1023    1294    0
1483    501    513    1024    1027    1481
1484    513    500    1024    1025    1473
1485    513    514    1025    1054    0
1486    514    500    1025    1026    1484
1487    514    518    1026    1058    0
1488    502    513    1027    1029    1478
1489    638    512    1028    1053    0
1490    512    502    1028    1029    1488
1491    502    638    1028    1030    1490
1492    512    513    1029    1051    1489
1493    635    638    1030    1317    0
1494    508    509    1031    1040    1467
1495    503    508    1031    1032    1340
1496    507    508    1032    1038    0
1497    815    814    1033    1615    1450
1498    814    504    1033    1036    1342
1499    504    815    1033    1034    1498
1500    850    815    1034    1614    0
1501    505    507    1035    1037    1444
1502    504    505    1035    1036    1499
1503    506    507    1037    1038    1465
1504    518    511    1039    1048    0
1505    511    508    1039    1040    1494
1506    511    509    1040    1041    1327
1507    511    510    1041    1045    0
1508    510    509    1041    1042    1506
1509    510    532    1042    1043    1507
1510    528    532    1043    1091    0
1511    510    528    1043    1046    1509
1512    517    519    1044    1057    0
1513    519    510    1044    1047    1511
1514    510    517    1044    1045    1513
1515    511    517    1045    1048    1504
1516    530    528    1046    1090    1510
1517    510    530    1046    1047    1514
1518    519    530    1047    1066    0
1519    518    517    1048    1058    1512
1520    649    650    1049    1336    0
1521    650    512    1049    1050    1492
1522    512    649    1049    1052    1521
1523    650    515    1050    1059    0
1524    515    512    1050    1051    1522
1525    515    513    1051    1054    1485
1526    637    649    1052    1319    0
1527    512    637    1052    1053    1524
1528    638    637    1053    1318    1526
1529    515    514    1054    1056    1487
1530    521    519    1055    1065    1518
1531    519    514    1055    1057    1529
1532    514    521    1055    1056    1531
1533    515    521    1056    1060    1523
1534    517    514    1057    1058    1532
1535    650    516    1059    1062    0
1536    516    515    1059    1060    1533
1537    516    521    1060    1061    1535
1538    520    521    1061    1068    0
1539    516    520    1061    1064    1537
1540    650    654    1062    1336    0
1541    654    516    1062    1063    1539
1542    654    666    1063    1344    0
1543    666    516    1063    1064    1541
1544    666    520    1064    1067    1538
1545    521    522    1065    1068    0
1546    522    519    1065    1066    1530
1547    522    530    1066    1072    0
1548    666    670    1067    1367    0
1549    670    520    1067    1069    1544
1550    520    522    1068    1070    1549
1551    670    523    1069    1074    0
1552    523    520    1069    1070    1550
1553    523    522    1070    1071    1547
1554    523    524    1071    1073    1551
1555    524    522    1071    1072    1553
1556    524    530    1072    1076    0
1557    553    524    1073    1078    1556
1558    523    553    1073    1075    1554
1559    670    552    1074    1136    0
1560    552    523    1074    1075    1558
1561    552    553    1075    1135    1559
1562    529    530    1076    1090    0
1563    524    529    1076    1077    1557
1564    525    529    1077    1083    0
1565    524    525    1077    1078    1563
1566    553    525    1078    1079    1564
1567    553    554    1079    1135    0
1568    554    525    1079    1080    1566
1569    554    556    1080    1137    0
1570    556    525    1080    1082    1568
1571    526    527    1081    1084    0
1572    527    525    1081    1083    1570
1573    525    526    1081    1082    1572
1574    556    526    1082    1086    1571
1575    527    529    1083    1089    0
1576    537    527    1084    1088    1575
1577    526    537    1084    1085    1574
1578    542    537    1085    1100    0
1579    526    542    1085    1086    1577
1580    556    542    1086    1107    0
1581    536    531    1087    1093    0
1582    531    527    1087    1089    1576
1583    527    536    1087    1088    1582
1584    537    536    1088    1097    0
1585    531    529    1089    1092    1562
1586    529    528    1090    1092    1516
1587    531    532    1091    1094    1581
1588    528    531    1091    1092    1586
1589    536    534    1093    1096    0
1590    534    531    1093    1094    1587
1591    534    535    1095    1096    1589
1592    536    535    1096    1097    1308
1593    537    535    1097    1098    1592
1594    537    538    1098    1099    1578
1595    537    539    1099    1100    1594
1596    542    539    1100    1101    1162
1597    542    540    1101    1103    1160
1598    544    545    1102    1114    0
1599    540    544    1102    1104    1597
1600    542    541    1103    1107    0
1601    541    540    1103    1104    1599
1602    541    544    1104    1105    1600
1603    543    544    1105    1112    0
1604    541    543    1105    1106    1602
1605    555    543    1106    1110    1603
1606    541    555    1106    1108    1604
1607    556    541    1107    1108    1606
1608    556    555    1108    1137    0
1609    570    574    1109    1170    0
1610    574    543    1109    1112    1605
1611    543    570    1109    1111    1610
1612    555    557    1110    1132    1608
1613    557    543    1110    1111    1611
1614    557    570    1111    1138    0
1615    574    544    1112    1113    1598
1616    574    546    1113    1117    0
1617    546    544    1113    1114    1615
1618    546    545    1114    1115    1158
1619    546    547    1115    1118    1616
1620    572    571    1116    1171    1080
1621    571    546    1116    1118    1619
1622    546    572    1116    1117    1621
1623    574    572    1117    1174    0
1624    549    550    1119    1125    0
1625    550    548    1119    1121    0
1626    548    549    1119    1123    1625
1627    551    552    1120    1134    0
1628    552    548    1120    1124    1626
1629    548    551    1120    1121    1628
1630    550    551    1121    1130    0
1631    669    664    1122    1364    0
1632    664    548    1122    1123    1629
1633    548    669    1122    1124    1632
1634    664    549    1123    1127    1624
1635    552    669    1124    1136    1561
1636    560    550    1125    1131    1630
1637    549    560    1125    1128    1634
1638    663    559    1126    1145    0
1639    559    549    1126    1128    1637
1640    549    663    1126    1127    1639
1641    664    663    1127    1363    0
1642    559    560    1128    1141    1638
1643    569    557    1129    1138    1614
1644    557    550    1129    1130    1636
1645    550    569    1129    1131    1644
1646    557    551    1130    1132    1627
1647    560    569    1131    1146    0
1648    555    551    1132    1133    1646
1649    555    554    1133    1137    1569
1650    554    551    1133    1134    1648
1651    554    552    1134    1135    1635
1652    670    669    1136    1369    0
1653    569    570    1138    1167    0
1654    568    560    1139    1146    1647
1655    560    558    1139    1141    0
1656    558    568    1139    1142    1655
1657    561    563    1140    1147    0
1658    563    558    1140    1142    1656
1659    558    561    1140    1143    1658
1660    559    558    1141    1143    1659
1661    563    568    1142    1156    0
1662    559    561    1143    1144    1642
1663    671    561    1144    1150    1657
1664    559    671    1144    1145    1662
1665    663    671    1145    1362    1641
1666    568    569    1146    1168    0
1667    562    563    1147    1152    0
1668    561    562    1147    1151    1663
1669    683    718    1148    1387    0
1670    718    561    1148    1151    1668
1671    561    683    1148    1149    1670
1672    682    683    1149    1386    0
1673    561    682    1149    1150    1671
1674    671    682    1150    1370    0
1675    718    562    1151    1154    1667
1676    564    563    1152    1155    1661
1677    562    564    1152    1153    1675
1678    719    564    1153    1159    0
1679    562    719    1153    1154    1677
1680    718    719    1154    1453    0
1681    564    565    1155    1157    1678
1682    565    563    1155    1156    1676
1683    565    568    1156    1160    0
1684    566    565    1157    1162    1683
1685    564    566    1157    1158    1681
1686    721    566    1158    1164    0
1687    564    721    1158    1159    1685
1688    719    721    1159    1454    0
1689    567    568    1160    1168    0
1690    565    567    1160    1161    1684
1691    575    567    1161    1166    1689
1692    565    575    1161    1162    1690
1693    566    575    1162    1165    1686
1694    711    576    1163    1177    0
1695    576    566    1163    1165    1693
1696    566    711    1163    1164    1695
1697    721    711    1164    1442    0
1698    576    575    1165    1176    0
1699    575    573    1166    1175    0
1700    573    567    1166    1169    1691
1701    569    567    1167    1168    1700
1702    567    570    1167    1169    1701
1703    573    570    1169    1170    1609
1704    573    574    1170    1174    1699
1705    572    578    1171    1172    1623
1706    577    578    1172    1180    0
1707    572    577    1172    1173    1705
1708    573    577    1173    1175    1704
1709    572    573    1173    1174    1707
1710    575    577    1175    1176    1698
1711    576    577    1176    1178    1694
1712    711    712    1177    1440    1697
1713    712    576    1177    1179    1711
1714    579    577    1178    1180    1706
1715    576    579    1178    1179    1713
1716    712    579    1179    1181    1055
1717    712    710    1181    1439    1031
1718    581    600    1182    1188    0
1719    600    580    1182    1187    0
1720    580    581    1182    1184    1719
1721    760    750    1183    1495    0
1722    750    580    1183    1186    1720
1723    580    760    1183    1187    1722
1724    584    581    1184    1192    1718
1725    580    584    1184    1185    1723
1726    749    584    1185    1200    0
1727    580    749    1185    1186    1725
1728    750    749    1186    1491    0
1729    600    760    1187    1243    0
1730    602    600    1188    1244    1729
1731    581    602    1188    1189    1724
1732    601    602    1189    1247    0
1733    581    601    1189    1190    1731
1734    582    601    1190    1196    0
1735    581    582    1190    1191    1733
1736    583    582    1191    1194    1734
1737    581    583    1191    1192    1735
1738    584    583    1192    1197    0
1739    594    595    1193    1226    0
1740    595    582    1193    1195    1736
1741    582    594    1193    1194    1740
1742    583    594    1194    1198    1738
1743    595    645    1195    1229    0
1744    645    582    1195    1196    1741
1745    645    601    1196    1248    1732
1746    584    585    1197    1199    1726
1747    585    583    1197    1198    1742
1748    585    594    1198    1201    0
1749    752    585    1199    1202    1748
1750    584    752    1199    1200    1746
1751    749    752    1200    1492    1728
1752    590    594    1201    1219    0
1753    585    590    1201    1203    1749
1754    752    587    1202    1208    0
1755    587    585    1202    1204    1753
1756    586    590    1203    1206    0
1757    585    586    1203    1204    1755
1758    587    586    1204    1207    1756
1759    686    589    1205    1218    0
1760    589    586    1205    1206    1758
1761    586    686    1205    1207    1760
1762    589    590    1206    1217    1759
1763    587    686    1207    1210    1754
1764    752    754    1208    1500    0
1765    754    587    1208    1209    1763
1766    754    687    1209    1399    0
1767    687    587    1209    1210    1765
1768    687    686    1210    1397    0
1769    592    591    1211    1220    0
1770    591    588    1211    1214    0
1771    588    592    1211    1212    1770
1772    680    592    1212    1224    0
1773    588    680    1212    1216    1771
1774    688    679    1213    1382    0
1775    679    588    1213    1216    1773
1776    588    688    1213    1215    1775
1777    591    589    1214    1217    1762
1778    589    588    1214    1215    1776
1779    589    688    1215    1218    1777
1780    679    680    1216    1380    1774
1781    591    590    1217    1219    1752
1782    686    688    1218    1398    1768
1783    591    594    1219    1221    1769
1784    592    593    1220    1222    1772
1785    593    591    1220    1221    1783
1786    593    594    1221    1226    0
1787    676    593    1222    1227    1786
1788    592    676    1222    1223    1784
1789    675    676    1223    1377    0
1790    592    675    1223    1224    1788
1791    680    675    1224    1375    1789
1792    596    595    1225    1228    1743
1793    595    593    1225    1226    1787
1794    593    596    1225    1227    1793
1795    676    596    1227    1231    0
1796    596    647    1228    1230    1795
1797    647    595    1228    1229    1792
1798    647    645    1229    1333    0
1799    648    647    1230    1327    0
1800    596    648    1230    1232    1796
1801    676    678    1231    1378    0
1802    678    596    1231    1232    1800
1803    678    648    1232    1334    0
1804    608    766    1233    1262    0
1805    766    597    1233    1237    0
1806    597    608    1233    1235    1805
1807    759    599    1234    1245    0
1808    599    597    1234    1236    1806
1809    597    759    1234    1238    1808
1810    598    608    1235    1242    0
1811    597    598    1235    1236    1809
1812    599    598    1236    1240    1810
1813    766    758    1237    1510    0
1814    758    597    1237    1238    1811
1815    758    759    1238    1511    1813
1816    624    609    1239    1268    0
1817    609    598    1239    1242    1812
1818    598    624    1239    1241    1817
1819    599    604    1240    1246    1807
1820    604    598    1240    1241    1818
1821    604    624    1241    1253    0
1822    609    608    1242    1265    1804
1823    600    599    1243    1244    1819
1824    599    760    1243    1245    1823
1825    602    599    1244    1246    1824
1826    759    760    1245    1514    0
1827    602    604    1246    1249    0
1828    603    602    1247    1249    1827
1829    601    603    1247    1248    1745
1830    645    603    1248    1250    0
1831    603    604    1249    1251    1830
1832    645    643    1250    1332    0
1833    643    603    1250    1251    1831
1834    643    604    1251    1252    1821
1835    643    644    1252    1331    1832
1836    644    604    1252    1253    1834
1837    644    624    1253    1293    0
1838    764    606    1254    1260    0
1839    606    605    1254    1258    0
1840    605    764    1254    1256    1839
1841    612    770    1255    1273    0
1842    770    605    1255    1256    1840
1843    605    612    1255    1257    1842
1844    770    764    1256    1520    0
1845    611    612    1257    1272    0
1846    605    611    1257    1259    1843
1847    607    605    1258    1259    1846
1848    607    611    1259    1266    0
1849    764    765    1260    1521    1844
1850    608    607    1261    1265    1848
1851    606    608    1261    1262    1838
1852    606    766    1262    1263    1851
1853    765    766    1263    1522    0
1854    609    610    1264    1267    1816
1855    607    609    1264    1265    1850
1856    610    611    1266    1271    0
1857    623    610    1267    1270    1856
1858    609    623    1267    1268    1854
1859    624    623    1268    1292    0
1860    618    616    1269    1282    0
1861    616    610    1269    1271    1857
1862    623    618    1270    1284    0
1863    616    611    1271    1272    1845
1864    616    612    1272    1274    1841
1865    613    770    1273    1276    0
1866    612    613    1273    1275    1864
1867    616    615    1274    1281    1381
1868    615    612    1274    1275    1866
1869    615    613    1275    1277    1865
1870    771    770    1276    1531    0
1871    613    771    1276    1279    1869
1872    614    613    1277    1278    1871
1873    772    613    1278    1279    1872
1874    772    771    1279    1533    0
1875    619    617    1280    1283    1428
1876    615    619    1280    1281    1867
1877    616    619    1281    1282    1860
1878    618    619    1282    1286    1862
1879    619    621    1283    1286    0
1880    623    620    1284    1289    0
1881    620    618    1284    1285    1878
1882    620    621    1285    1287    1880
1883    620    622    1287    1290    1882
1884    631    626    1288    1296    0
1885    626    620    1288    1290    1883
1886    620    631    1288    1289    1885
1887    623    631    1289    1292    1859
1888    626    622    1290    1291    1431
1889    626    625    1291    1295    1482
1890    624    631    1292    1293    1837
1891    644    631    1293    1310    0
1892    628    635    1294    1302    0
1893    625    628    1294    1295    1889
1894    626    628    1295    1298    1884
1895    631    632    1296    1309    1891
1896    632    626    1296    1297    1894
1897    632    627    1297    1300    0
1898    627    626    1297    1298    1896
1899    627    628    1298    1301    1897
1900    634    636    1299    1316    0
1901    636    627    1299    1301    1899
1902    627    634    1299    1300    1901
1903    632    634    1300    1305    0
1904    636    628    1301    1302    1892
1905    636    635    1302    1317    1493
1906    642    641    1303    1329    0
1907    641    629    1303    1308    0
1908    629    642    1303    1307    1907
1909    633    634    1304    1313    0
1910    634    629    1304    1305    1908
1911    629    633    1304    1308    1910
1912    632    629    1305    1306    1911
1913    632    630    1306    1309    0
1914    630    629    1306    1307    1912
1915    630    642    1307    1311    1913
1916    641    633    1308    1312    1909
1917    631    630    1309    1310    1915
1918    644    630    1310    1311    1917
1919    644    642    1311    1331    0
1920    641    659    1312    1324    1906
1921    659    633    1312    1314    1916
1922    651    634    1313    1315    1900
1923    633    651    1313    1314    1921
1924    659    651    1314    1338    0
1925    651    637    1315    1319    1528
1926    637    634    1315    1316    1922
1927    637    636    1316    1318    0
1928    636    638    1317    1318    1927
1929    651    649    1319    1335    1520
1930    640    648    1320    1327    0
1931    648    639    1320    1323    0
1932    639    640    1320    1325    1931
1933    658    659    1321    1357    0
1934    659    639    1321    1324    1932
1935    639    658    1321    1322    1934
1936    657    658    1322    1350    0
1937    639    657    1322    1323    1935
1938    648    657    1323    1334    1803
1939    641    639    1324    1325    1937
1940    641    640    1325    1329    1930
1941    646    647    1326    1333    0
1942    647    640    1326    1327    1940
1943    640    646    1326    1328    1942
1944    642    646    1328    1330    1919
1945    640    642    1328    1329    1943
1946    643    646    1330    1332    1835
1947    642    643    1330    1331    1944
1948    645    646    1332    1333    1798
1949    678    657    1334    1348    1936
1950    651    652    1335    1338    1924
1951    652    649    1335    1337    1929
1952    649    654    1336    1337    1951
1953    652    654    1337    1341    0
1954    659    652    1338    1340    1953
1955    660    653    1339    1342    0
1956    653    652    1339    1341    1954
1957    652    660    1339    1340    1956
1958    659    660    1340    1357    0
1959    653    654    1341    1344    1955
1960    660    662    1342    1358    0
1961    662    653    1342    1345    1959
1962    667    666    1343    1367    1548
1963    666    653    1343    1344    1961
1964    653    667    1343    1345    1963
1965    662    667    1345    1360    0
1966    678    677    1346    1378    0
1967    677    655    1346    1352    0
1968    655    678    1346    1348    1967
1969    673    656    1347    1354    0
1970    656    655    1347    1351    1968
1971    655    673    1347    1352    1970
1972    655    657    1348    1350    1971
1973    661    658    1349    1356    1933
1974    658    655    1349    1350    1972
1975    655    661    1349    1351    1974
1976    656    661    1351    1355    1969
1977    677    673    1352    1373    0
1978    663    665    1353    1363    1665
1979    665    656    1353    1355    1976
1980    656    663    1353    1354    1979
1981    673    663    1354    1361    1978
1982    665    661    1355    1359    0
1983    661    660    1356    1358    1960
1984    660    658    1356    1357    1973
1985    661    662    1358    1359    1982
1986    665    662    1359    1360    1965
1987    665    667    1360    1366    0
1988    673    672    1361    1372    0
1989    672    663    1361    1362    1981
1990    672    671    1362    1371    1674
1991    664    665    1363    1365    1631
1992    669    668    1364    1369    0
1993    668    664    1364    1365    1991
1994    668    665    1365    1366    1987
1995    668    667    1366    1368    0
1996    667    670    1367    1368    1995
1997    668    670    1368    1369    1992
1998    674    682    1370    1376    0
1999    671    674    1370    1371    1990
2000    672    674    1371    1372    1988
2001    673    674    1372    1373    1977
2002    677    674    1373    1374    1998
2003    677    675    1374    1377    1791
2004    675    674    1374    1375    2002
2005    680    674    1375    1376    2004
2006    680    682    1376    1383    0
2007    677    676    1377    1378    1801
2008    708    681    1379    1384    0
2009    681    679    1379    1380    1780
2010    679    708    1379    1381    2009
2011    681    680    1380    1383    2006
2012    690    708    1381    1402    0
2013    679    690    1381    1382    2010
2014    688    690    1382    1400    0
2015    681    682    1383    1386    2008
2016    708    709    1384    1437    0
2017    709    681    1384    1385    2015
2018    709    683    1385    1387    1669
2019    683    681    1385    1386    2017
2020    709    718    1387    1438    0
2021    689    685    1388    1393    0
2022    685    684    1388    1390    0
2023    684    689    1388    1392    2022
2024    697    691    1389    1404    0
2025    691    684    1389    1392    2023
2026    684    697    1389    1391    2025
2027    685    692    1390    1395    2021
2028    692    684    1390    1391    2026
2029    692    697    1391    1409    0
2030    691    689    1392    1401    0
2031    689    687    1393    1397    1766
2032    687    685    1393    1394    2027
2033    687    741    1394    1399    2031
2034    741    685    1394    1396    2032
2035    740    692    1395    1407    2029
2036    685    740    1395    1396    2034
2037    741    740    1396    1477    0
2038    689    686    1397    1398    1782
2039    689    688    1398    1400    2014
2040    754    741    1399    1480    0
2041    689    690    1400    1401    2030
2042    691    690    1401    1403    2012
2043    706    708    1402    1436    0
2044    690    706    1402    1403    2042
2045    691    706    1403    1405    2024
2046    697    707    1404    1417    0
2047    707    691    1404    1405    2045
2048    707    706    1405    1435    2043
2049    744    694    1406    1413    239
2050    694    692    1406    1408    2035
2051    692    744    1406    1407    2050
2052    740    744    1407    1478    2037
2053    694    693    1408    1410    0
2054    693    692    1408    1409    2051
2055    693    697    1409    1411    2053
2056    695    693    1410    1412    2055
2057    696    697    1411    1417    0
2058    693    696    1411    1412    2056
2059    695    696    1412    1414    244
2060    744    745    1413    1488    0
2061    698    696    1414    1416    2057
2062    699    707    1415    1419    0
2063    707    696    1415    1417    2061
2064    696    699    1415    1416    2063
2065    698    699    1416    1418    249
2066    701    699    1418    1420    2062
2067    704    707    1419    1435    0
2068    699    704    1419    1422    2066
2069    701    702    1420    1427    252
2070    702    699    1420    1421    2068
2071    702    700    1421    1426    0
2072    700    699    1421    1422    2070
2073    700    704    1422    1424    2071
2074    716    703    1423    1431    0
2075    703    700    1423    1424    2073
2076    700    716    1423    1425    2075
2077    703    704    1424    1433    2074
2078    724    716    1425    1450    0
2079    700    724    1425    1426    2076
2080    702    724    1426    1428    0
2081    725    702    1427    1429    2080
2082    726    724    1428    1460    0
2083    702    726    1428    1429    2081
2084    717    709    1430    1438    2020
2085    709    703    1430    1432    2077
2086    703    717    1430    1431    2085
2087    716    717    1431    1449    2078
2088    709    705    1432    1437    0
2089    705    703    1432    1433    2086
2090    705    704    1433    1434    2067
2091    705    706    1434    1436    2088
2092    706    704    1434    1435    2090
2093    705    708    1436    1437    2091
2094    717    718    1438    1453    0
2095    712    714    1439    1443    0
2096    713    712    1440    1443    2095
2097    711    713    1440    1441    1712
2098    722    713    1441    1445    0
2099    711    722    1441    1442    2097
2100    721    722    1442    1455    0
2101    713    714    1443    1447    2098
2102    729    732    1444    1465    0
2103    732    713    1444    1446    2101
2104    713    729    1444    1445    2103
2105    722    729    1445    1457    0
2106    732    715    1446    1448    1002
2107    715    713    1446    1447    2104
2108    732    730    1448    1467    1000
2109    720    717    1449    1452    2094
2110    716    720    1449    1451    2087
2111    724    723    1450    1458    0
2112    723    716    1450    1451    2110
2113    723    720    1451    1456    0
2114    720    719    1452    1454    1688
2115    719    717    1452    1453    2109
2116    720    721    1454    1455    2113
2117    720    722    1455    1456    2116
2118    723    722    1456    1457    2105
2119    723    729    1457    1459    2111
2120    724    728    1458    1460    2082
2121    728    723    1458    1459    2119
2122    728    729    1459    1463    0
2123    726    728    1460    1461    198
2124    727    728    1461    1463    194
2125    733    731    1462    1469    0
2126    731    727    1462    1464    2124
2127    727    729    1463    1464    2126
2128    731    729    1464    1465    2102
2129    731    732    1465    1467    2125
2130    730    735    1466    1468    2108
2131    731    730    1467    1468    2130
2132    731    735    1468    1469    2129
2133    738    739    1470    1473    0
2134    736    738    1470    1471    150
2135    737    738    1471    1472    143
2136    747    738    1472    1474    2133
2137    804    739    1473    1476    0
2138    738    804    1473    1475    2136
2139    747    748    1474    1486    0
2140    748    738    1474    1475    2138
2141    748    804    1475    1489    0
2142    804    807    1476    1597    0
2143    741    742    1477    1480    2040
2144    742    740    1477    1479    2052
2145    743    744    1478    1484    0
2146    740    743    1478    1479    2144
2147    742    743    1479    1481    0
2148    754    742    1480    1483    2147
2149    803    743    1481    1485    2145
2150    742    803    1481    1482    2148
2151    755    803    1482    1503    0
2152    742    755    1482    1483    2150
2153    754    755    1483    1501    0
2154    746    744    1484    1488    2060
2155    743    746    1484    1487    2149
2156    803    748    1485    1490    2141
2157    748    743    1485    1486    2155
2158    747    743    1486    1487    2157
2159    801    804    1489    1596    0
2160    748    801    1489    1490    2156
2161    803    801    1490    1595    2159
2162    750    751    1491    1494    1721
2163    751    749    1491    1492    1751
2164    751    752    1492    1499    0
2165    762    761    1493    1515    0
2166    761    750    1493    1494    2162
2167    750    762    1493    1495    2166
2168    761    751    1494    1498    2164
2169    760    762    1495    1514    0
2170    757    756    1496    1504    0
2171    756    751    1496    1497    2168
2172    751    757    1496    1498    2171
2173    756    753    1497    1502    0
2174    753    751    1497    1499    2172
2175    761    757    1498    1506    0
2176    753    752    1499    1500    1764
2177    753    754    1500    1501    2173
2178    753    755    1501    1502    2177
2179    756    755    1502    1503    2151
2180    756    803    1503    1505    2170
2181    757    802    1504    1508    2175
2182    802    756    1504    1505    2180
2183    802    803    1505    1595    0
2184    761    794    1506    1516    2165
2185    794    757    1506    1507    2181
2186    794    796    1507    1580    0
2187    796    757    1507    1508    2185
2188    796    802    1508    1584    0
2189    767    784    1509    1525    0
2190    784    758    1509    1512    1815
2191    758    767    1509    1510    2190
2192    766    767    1510    1522    0
2193    763    759    1511    1513    1826
2194    758    763    1511    1512    2191
2195    784    763    1512    1519    0
2196    763    762    1513    1517    0
2197    762    759    1513    1514    2193
2198    762    792    1515    1517    2196
2199    792    761    1515    1516    2184
2200    792    794    1516    1578    0
2201    763    792    1517    1518    2195
2202    793    792    1518    1579    2200
2203    763    793    1518    1519    2201
2204    784    793    1519    1560    0
2205    770    769    1520    1531    0
2206    769    764    1520    1521    1849
2207    769    765    1521    1523    1853
2208    765    767    1522    1524    2207
2209    769    768    1523    1528    0
2210    768    767    1524    1526    2189
2211    783    784    1525    1559    0
2212    767    783    1525    1526    2210
2213    768    783    1526    1529    2209
2214    775    777    1527    1542    0
2215    768    775    1527    1528    2213
2216    769    775    1528    1530    2205
2217    777    783    1529    1548    0
2218    771    775    1530    1532    1874
2219    769    771    1530    1531    2216
2220    773    775    1532    1538    0
2221    771    773    1532    1533    2218
2222    772    773    1533    1535    1355
2223    846    774    1534    1541    0
2224    774    772    1534    1535    2222
2225    772    846    1534    1536    2224
2226    774    773    1535    1537    2220
2227    848    846    1536    1663    0
2228    774    776    1537    1540    2223
2229    776    773    1537    1539    2226
2230    778    775    1538    1542    2214
2231    773    778    1538    1539    2229
2232    776    778    1539    1544    0
2233    837    776    1540    1543    2232
2234    774    837    1540    1541    2228
2235    846    837    1541    1653    0
2236    778    777    1542    1547    2217
2237    837    780    1543    1555    0
2238    780    776    1543    1545    2233
2239    781    778    1544    1547    0
2240    776    781    1544    1545    2238
2241    781    779    1546    1549    0
2242    779    777    1546    1548    2236
2243    779    783    1548    1551    2241
2244    781    782    1549    1553    0
2245    782    779    1549    1550    2243
2246    782    785    1550    1558    0
2247    785    779    1550    1552    2245
2248    786    783    1551    1559    2211
2249    779    786    1551    1552    2247
2250    785    786    1552    1563    0
2251    780    782    1553    1556    2237
2252    833    832    1554    1644    0
2253    832    780    1554    1556    2251
2254    837    833    1555    1645    0
2255    832    782    1556    1557    2246
2256    832    821    1557    1630    0
2257    821    782    1557    1558    2255
2258    821    785    1558    1562    2250
2259    786    784    1559    1560    2204
2260    786    793    1560    1564    0
2261    789    787    1561    1567    0
2262    787    785    1561    1563    2258
2263    785    789    1561    1562    2262
2264    821    789    1562    1572    0
2265    787    786    1563    1564    2260
2266    787    793    1564    1566    2261
2267    788    791    1565    1569    0
2268    791    787    1565    1566    2266
2269    787    788    1565    1567    2268
2270    791    793    1566    1579    0
2271    789    788    1567    1570    2267
2272    795    797    1568    1582    0
2273    797    788    1568    1569    2271
2274    788    795    1568    1571    2273
2275    797    791    1569    1577    2270
2276    789    790    1570    1573    2264
2277    790    788    1570    1571    2274
2278    790    795    1571    1576    0
2279    821    816    1572    1620    0
2280    816    789    1572    1573    2276
2281    816    790    1573    1575    2278
2282    817    812    1574    1610    0
2283    812    790    1574    1576    2281
2284    790    817    1574    1575    2283
2285    816    817    1575    1619    2279
2286    812    795    1576    1581    2272
2287    797    794    1577    1580    2186
2288    794    791    1577    1578    2275
2289    792    791    1578    1579    2288
2290    797    796    1580    1585    2188
2291    812    800    1581    1591    0
2292    800    795    1581    1583    2286
2293    798    797    1582    1585    0
2294    795    798    1582    1583    2292
2295    800    798    1583    1588    0
2296    801    802    1584    1595    2161
2297    796    801    1584    1586    2290
2298    798    796    1585    1587    2297
2299    799    801    1586    1590    0
2300    796    799    1586    1587    2298
2301    798    799    1587    1589    2295
2302    800    805    1588    1594    2291
2303    805    798    1588    1589    2301
2304    805    799    1589    1590    2299
2305    805    801    1590    1596    2296
2306    812    811    1591    1610    0
2307    811    800    1591    1592    2302
2308    811    810    1592    1607    0
2309    810    800    1592    1593    2307
2310    810    806    1593    1600    0
2311    806    800    1593    1594    2309
2312    806    805    1594    1598    0
2313    805    804    1596    1597    2142
2314    805    807    1597    1598    2312
2315    806    807    1598    1599    2310
2316    806    808    1599    1600    2315
2317    810    808    1600    1601    0
2318    810    809    1601    1605    0
2319    809    808    1601    1602    2317
2320    809    854    1602    1603    2318
2321    853    854    1603    1668    0
2322    809    853    1603    1606    2320
2323    813    851    1604    1613    0
2324    851    809    1604    1606    2322
2325    809    813    1604    1605    2324
2326    810    813    1605    1607    2308
2327    851    853    1606    1666    0
2328    811    813    1607    1608    2306
2329    823    813    1608    1612    2323
2330    811    823    1608    1611    2328
2331    817    824    1609    1621    0
2332    824    811    1609    1611    2330
2333    811    817    1609    1610    2332
2334    824    823    1611    1631    0
2335    823    815    1612    1616    1500
2336    815    813    1612    1614    2329
2337    850    851    1613    1665    0
2338    813    850    1613    1614    2336
2339    815    826    1615    1617    2335
2340    823    822    1616    1631    0
2341    822    815    1616    1617    2339
2342    822    826    1617    1634    2340
2343    820    819    1618    1624    0
2344    819    816    1618    1619    2285
2345    816    820    1618    1620    2344
2346    819    817    1619    1621    2331
2347    821    820    1620    1630    0
2348    819    824    1621    1628    2343
2349    834    838    1622    1648    0
2350    838    818    1622    1625    0
2351    818    834    1622    1627    2350
2352    825    819    1623    1628    2348
2353    819    818    1623    1624    2351
2354    818    825    1623    1626    2353
2355    820    818    1624    1627    2354
2356    838    830    1625    1643    0
2357    830    818    1625    1626    2355
2358    830    825    1626    1635    0
2359    820    834    1627    1629    2347
2360    825    824    1628    1632    0
2361    832    834    1629    1644    2252
2362    820    832    1629    1630    2359
2363    824    822    1631    1632    2342
2364    825    822    1632    1633    2363
2365    825    831    1633    1635    2358
2366    831    822    1633    1634    2364
2367    831    826    1634    1636    1446
2368    830    831    1635    1639    2356
2369    831    827    1636    1638    1453
2370    828    829    1637    1640    0
2371    827    828    1637    1638    2369
2372    831    828    1638    1639    2370
2373    830    828    1639    1642    2372
2374    828    840    1640    1641    2373
2375    839    840    1641    1656    0
2376    828    839    1641    1642    2374
2377    830    839    1642    1643    2368
2378    838    839    1643    1654    0
2379    833    834    1644    1647    2254
2380    837    836    1645    1653    0
2381    836    833    1645    1646    2379
2382    836    835    1646    1649    0
2383    835    834    1647    1648    2349
2384    835    838    1648    1650    2382
2385    836    847    1649    1652    2380
2386    847    835    1649    1651    2384
2387    845    838    1650    1654    2378
2388    847    845    1651    1662    0
2389    846    847    1652    1663    2227
2390    836    846    1652    1653    2385
2391    845    839    1654    1655    2375
2392    842    839    1655    1656    2391
2393    842    840    1656    1657    1393
2394    842    844    1658    1659    0
2395    842    843    1659    1660    2394
2396    845    843    1660    1662    1363
2397    847    848    1661    1663    0
2398    843    847    1661    1662    2396
2399    852    851    1664    1666    2327
2400    851    849    1664    1665    1344
2401    852    853    1666    1667    0
2402    855    853    1667    1668    2321
